201  1
-10	1100	
-9.9	1068.31	
-9.8	1037.23	
-9.7	1006.76	
-9.6	976.896	
-9.5	947.625	
-9.4	918.944	
-9.3	890.847	
-9.2	863.328	
-9.1	836.381	
-9	810	
-8.9	784.179	
-8.8	758.912	
-8.7	734.193	
-8.6	710.016	
-8.5	686.375	
-8.4	663.264	
-8.3	640.677	
-8.2	618.608	
-8.1	597.051	
-8	576	
-7.9	555.449	
-7.8	535.392	
-7.7	515.823	
-7.6	496.736	
-7.5	478.125	
-7.4	459.984	
-7.3	442.307	
-7.2	425.088	
-7.1	408.321	
-7	392	
-6.9	376.119	
-6.8	360.672	
-6.7	345.653	
-6.6	331.056	
-6.5	316.875	
-6.4	303.104	
-6.3	289.737	
-6.2	276.768	
-6.1	264.191	
-6	252	
-5.9	240.189	
-5.8	228.752	
-5.7	217.683	
-5.6	206.976	
-5.5	196.625	
-5.4	186.624	
-5.3	176.967	
-5.2	167.648	
-5.1	158.661	
-5	150	
-4.9	141.659	
-4.8	133.632	
-4.7	125.913	
-4.6	118.496	
-4.5	111.375	
-4.4	104.544	
-4.3	97.997	
-4.2	91.728	
-4.1	85.731	
-4	80	
-3.9	74.529	
-3.8	69.312	
-3.7	64.343	
-3.6	59.616	
-3.5	55.125	
-3.4	50.864	
-3.3	46.827	
-3.2	43.008	
-3.1	39.401	
-3	36	
-2.9	32.799	
-2.8	29.792	
-2.7	26.973	
-2.6	24.336	
-2.5	21.875	
-2.4	19.584	
-2.3	17.457	
-2.2	15.488	
-2.1	13.671	
-2	12	
-1.9	10.469	
-1.8	9.072	
-1.7	7.803	
-1.6	6.656	
-1.5	5.625	
-1.4	4.704	
-1.3	3.887	
-1.2	3.168	
-1.1	2.541	
-1	2	
-0.9	1.539	
-0.8	1.152	
-0.7	0.833	
-0.6	0.576	
-0.5	0.375	
-0.4	0.224	
-0.3	0.117	
-0.2	0.048	
-0.1	0.011	
-1.87905e-14	3.53084e-28	
0.1	0.009	
0.2	0.032	
0.3	0.063	
0.4	0.096	
0.5	0.125	
0.6	0.144	
0.7	0.147	
0.8	0.128	
0.9	0.081	
1	1.88738e-14	
1.1	-0.121	
1.2	-0.288	
1.3	-0.507	
1.4	-0.784	
1.5	-1.125	
1.6	-1.536	
1.7	-2.023	
1.8	-2.592	
1.9	-3.249	
2	-4	
2.1	-4.851	
2.2	-5.808	
2.3	-6.877	
2.4	-8.064	
2.5	-9.375	
2.6	-10.816	
2.7	-12.393	
2.8	-14.112	
2.9	-15.979	
3	-18	
3.1	-20.181	
3.2	-22.528	
3.3	-25.047	
3.4	-27.744	
3.5	-30.625	
3.6	-33.696	
3.7	-36.963	
3.8	-40.432	
3.9	-44.109	
4	-48	
4.1	-52.111	
4.2	-56.448	
4.3	-61.017	
4.4	-65.824	
4.5	-70.875	
4.6	-76.176	
4.7	-81.733	
4.8	-87.552	
4.9	-93.639	
5	-100	
5.1	-106.641	
5.2	-113.568	
5.3	-120.787	
5.4	-128.304	
5.5	-136.125	
5.6	-144.256	
5.7	-152.703	
5.8	-161.472	
5.9	-170.569	
6	-180	
6.1	-189.771	
6.2	-199.888	
6.3	-210.357	
6.4	-221.184	
6.5	-232.375	
6.6	-243.936	
6.7	-255.873	
6.8	-268.192	
6.9	-280.899	
7	-294	
7.1	-307.501	
7.2	-321.408	
7.3	-335.727	
7.4	-350.464	
7.5	-365.625	
7.6	-381.216	
7.7	-397.243	
7.8	-413.712	
7.9	-430.629	
8	-448	
8.1	-465.831	
8.2	-484.128	
8.3	-502.897	
8.4	-522.144	
8.5	-541.875	
8.6	-562.096	
8.7	-582.813	
8.8	-604.032	
8.9	-625.759	
9	-648	
9.1	-670.761	
9.2	-694.048	
9.3	-717.867	
9.4	-742.224	
9.5	-767.125	
9.6	-792.576	
9.7	-818.583	
9.8	-845.152	
9.9	-872.289	
10	-900	
