201  1
-10	11982.9	
-9.9	9118.86	
-9.8	6608.99	
-9.7	4434.48	
-9.6	2573.9	
-9.5	1004	
-9.4	-299.495	
-9.3	-1361.28	
-9.2	-2205.97	
-9.1	-2857.62	
-9	-3339.43	
-8.9	-3673.47	
-8.8	-3880.48	
-8.7	-3979.75	
-8.6	-3989	
-8.5	-3924.38	
-8.4	-3800.46	
-8.3	-3630.22	
-8.2	-3425.15	
-8.1	-3195.27	
-8	-2949.24	
-7.9	-2694.43	
-7.8	-2437.05	
-7.7	-2182.22	
-7.6	-1934.09	
-7.5	-1695.94	
-7.4	-1470.27	
-7.3	-1258.9	
-7.2	-1063.06	
-7.1	-883.486	
-7	-720.473	
-6.9	-573.971	
-6.8	-443.638	
-6.7	-328.902	
-6.6	-229.013	
-6.5	-143.085	
-6.4	-70.1446	
-6.3	-9.15638	
-6.2	40.9422	
-6.1	81.2186	
-6	112.724	
-5.9	136.479	
-5.8	153.458	
-5.7	164.582	
-5.6	170.711	
-5.5	172.64	
-5.4	171.095	
-5.3	166.734	
-5.2	160.146	
-5.1	151.854	
-5	142.317	
-4.9	131.933	
-4.8	121.044	
-4.7	109.939	
-4.6	98.8567	
-4.5	87.9945	
-4.4	77.5088	
-4.3	67.5212	
-4.2	58.1222	
-4.1	49.3751	
-4	41.32	
-3.9	33.9773	
-3.8	27.3508	
-3.7	21.4304	
-3.6	16.1955	
-3.5	11.6163	
-3.4	7.65706	
-3.3	4.2769	
-3.2	1.43207	
-3.1	-0.923006	
-3	-2.83447	
-2.9	-4.34815	
-2.8	-5.50876	
-2.7	-6.3593	
-2.6	-6.94058	
-2.5	-7.29088	
-2.4	-7.44575	
-2.3	-7.4378	
-2.2	-7.29669	
-2.1	-7.04911	
-2	-6.71885	
-1.9	-6.32686	
-1.8	-5.89143	
-1.7	-5.42832	
-1.6	-4.95092	
-1.5	-4.47046	
-1.4	-3.9962	
-1.3	-3.53558	
-1.2	-3.09448	
-1.1	-2.67733	
-1	-2.28736	
-0.9	-1.92667	
-0.8	-1.59651	
-0.7	-1.2973	
-0.6	-1.02885	
-0.5	-0.790439	
-0.4	-0.580944	
-0.3	-0.398911	
-0.2	-0.242655	
-0.1	-0.110333	
-1.87905e-14	-1.87905e-14	
0.1	0.110333	
0.2	0.242655	
0.3	0.398911	
0.4	0.580944	
0.5	0.790439	
0.6	1.02885	
0.7	1.2973	
0.8	1.59651	
0.9	1.92667	
1	2.28736	
1.1	2.67733	
1.2	3.09448	
1.3	3.53558	
1.4	3.9962	
1.5	4.47046	
1.6	4.95092	
1.7	5.42832	
1.8	5.89143	
1.9	6.32686	
2	6.71885	
2.1	7.04911	
2.2	7.29669	
2.3	7.4378	
2.4	7.44575	
2.5	7.29088	
2.6	6.94058	
2.7	6.3593	
2.8	5.50876	
2.9	4.34815	
3	2.83447	
3.1	0.923006	
3.2	-1.43207	
3.3	-4.2769	
3.4	-7.65706	
3.5	-11.6163	
3.6	-16.1955	
3.7	-21.4304	
3.8	-27.3508	
3.9	-33.9773	
4	-41.32	
4.1	-49.3751	
4.2	-58.1222	
4.3	-67.5212	
4.4	-77.5088	
4.5	-87.9945	
4.6	-98.8567	
4.7	-109.939	
4.8	-121.044	
4.9	-131.933	
5	-142.317	
5.1	-151.854	
5.2	-160.146	
5.3	-166.734	
5.4	-171.095	
5.5	-172.64	
5.6	-170.711	
5.7	-164.582	
5.8	-153.458	
5.9	-136.479	
6	-112.724	
6.1	-81.2186	
6.2	-40.9422	
6.3	9.15638	
6.4	70.1446	
6.5	143.085	
6.6	229.013	
6.7	328.902	
6.8	443.638	
6.9	573.971	
7	720.473	
7.1	883.486	
7.2	1063.06	
7.3	1258.9	
7.4	1470.27	
7.5	1695.94	
7.6	1934.09	
7.7	2182.22	
7.8	2437.05	
7.9	2694.43	
8	2949.24	
8.1	3195.27	
8.2	3425.15	
8.3	3630.22	
8.4	3800.46	
8.5	3924.38	
8.6	3989	
8.7	3979.75	
8.8	3880.48	
8.9	3673.47	
9	3339.43	
9.1	2857.62	
9.2	2205.97	
9.3	1361.28	
9.4	299.495	
9.5	-1004	
9.6	-2573.9	
9.7	-4434.48	
9.8	-6608.99	
9.9	-9118.86	
10	-11982.9	
