201  1
-10	163.274	
-9.9	144.647	
-9.8	128.272	
-9.7	114.45	
-9.6	99.7148	
-9.5	87.3094	
-9.4	77.7116	
-9.3	67.8488	
-9.2	58.88	
-9.1	51.4521	
-9	45.447	
-8.9	39.9873	
-8.8	33.8388	
-8.7	29.8731	
-8.6	27.6701	
-8.5	23.2674	
-8.4	21.8883	
-8.3	20.3669	
-8.2	17.3527	
-8.1	15.8116	
-8	15.1475	
-7.9	14.5237	
-7.8	13.797	
-7.7	13.3946	
-7.6	14.2799	
-7.5	15.5101	
-7.4	14.2153	
-7.3	15.7095	
-7.2	16.0583	
-7.1	17.7449	
-7	17.426	
-6.9	20.3404	
-6.8	22.283	
-6.7	23.2006	
-6.6	24.6217	
-6.5	26.705	
-6.4	29.2321	
-6.3	32.2532	
-6.2	35.9155	
-6.1	39.5449	
-6	41.5893	
-5.9	43.7665	
-5.8	48.6336	
-5.7	50.0674	
-5.6	53.8114	
-5.5	55.1445	
-5.4	58.6738	
-5.3	58.3594	
-5.2	60.1946	
-5.1	61.544	
-5	60.3436	
-4.9	58.4195	
-4.8	56.6006	
-4.7	54.5371	
-4.6	51.8887	
-4.5	48.6019	
-4.4	44.8283	
-4.3	40.9357	
-4.2	37.4704	
-4.1	34.5589	
-4	31.0308	
-3.9	25.9543	
-3.8	22.0474	
-3.7	20.4765	
-3.6	16.2617	
-3.5	13.5808	
-3.4	12.2084	
-3.3	8.62209	
-3.2	8.49923	
-3.1	5.37428	
-3	5.28515	
-2.9	3.76215	
-2.8	2.12943	
-2.7	3.0535	
-2.6	0.96808	
-2.5	0.289239	
-2.4	1.42194	
-2.3	0.586085	
-2.2	-0.949324	
-2.1	-0.822188	
-2	0.207926	
-1.9	0.479428	
-1.8	-0.248462	
-1.7	-1.17995	
-1.6	-1.64358	
-1.5	-1.52168	
-1.4	-1.04655	
-1.3	-0.496686	
-1.2	-0.0453151	
-1.1	0.251109	
-1	0.408137	
-0.9	0.468486	
-0.8	0.475205	
-0.7	0.461013	
-0.6	0.446908	
-0.5	0.444533	
-0.4	0.459275	
-0.3	0.492912	
-0.2	0.545534	
-0.1	0.616863	
-1.87905e-14	0.707107	
0.1	0.817449	
0.2	0.950219	
0.3	1.1087	
0.4	1.29661	
0.5	1.51722	
0.6	1.7723	
0.7	2.06131	
0.8	2.38137	
0.9	2.72925	
1	3.10682	
1.1	3.53113	
1.2	4.04805	
1.3	4.74214	
1.4	5.72513	
1.5	7.07645	
1.6	8.72404	
1.7	10.3245	
1.8	11.3246	
1.9	11.408	
2	11.1278	
2.1	11.7421	
2.2	13.4875	
2.3	14.3773	
2.4	13.2632	
2.5	13.1076	
2.6	14.8027	
2.7	13.8293	
2.8	13.0255	
2.9	14.5823	
3	12.4812	
3.1	13.7858	
3.2	12.3225	
3.3	13.1605	
3.4	11.6224	
3.5	13.0743	
3.6	10.9757	
3.7	12.1468	
3.8	12.2598	
3.9	10.6306	
4	11.1332	
4.1	12.3466	
4.2	12.4441	
4.3	11.8777	
4.4	11.4635	
4.5	11.4252	
4.6	11.6898	
4.7	12.2339	
4.8	13.1599	
4.9	14.474	
5	15.5752	
5.1	15.4866	
5.2	15.3773	
5.3	17.9439	
5.4	19.2546	
5.5	19.6463	
5.6	23.1715	
5.7	23.621	
5.8	27.3758	
5.9	30.2317	
6	32.2242	
6.1	37.1123	
6.2	42.5137	
6.3	47.5429	
6.4	52.9931	
6.5	59.3882	
6.6	66.8174	
6.7	74.9926	
6.8	83.0799	
6.9	90.9604	
7	101.302	
7.1	112.447	
7.2	120.861	
7.3	133.004	
7.4	141.178	
7.5	151.095	
7.6	160.649	
7.7	167.186	
7.8	172.363	
7.9	176.54	
8	179.367	
8.1	180.886	
8.2	181.179	
8.3	178.805	
8.4	173.283	
8.5	169.718	
8.6	162.129	
8.7	156.482	
8.8	146.931	
8.9	139.179	
9	131.904	
9.1	123.968	
9.2	115.91	
9.3	107.878	
9.4	99.5704	
9.5	92.3413	
9.6	87.9345	
9.7	80.665	
9.8	77.2495	
9.9	70.9795	
10	67.8539	
