201  1
0	-0	
0.05	-5.92047e-06	
0.1	-8.89904e-05	
0.15	-0.000419749	
0.2	-0.00122598	
0.25	-0.00274401	
0.3	-0.00517588	
0.35	-0.00865713	
0.4	-0.0132382	
0.45	-0.0188802	
0.5	-0.0254643	
0.55	-0.0328111	
0.6	-0.040707	
0.65	-0.0489323	
0.7	-0.0572855	
0.75	-0.065601	
0.8	-0.0737562	
0.85	-0.0816674	
0.9	-0.0892728	
0.95	-0.0965069	
1	-0.103268	
1.05	-0.109384	
1.1	-0.114578	
1.15	-0.118446	
1.2	-0.120446	
1.25	-0.119897	
1.3	-0.116	
1.35	-0.107879	
1.4	-0.0946298	
1.45	-0.0753868	
1.5	-0.0493963	
1.55	-0.0160908	
1.6	0.024841	
1.65	0.0733946	
1.7	0.129207	
1.75	0.191536	
1.8	0.259261	
1.85	0.330908	
1.9	0.40471	
1.95	0.478668	
2	0.550654	
2.05	0.618502	
2.1	0.680125	
2.15	0.733609	
2.2	0.777313	
2.25	0.809948	
2.3	0.830628	
2.35	0.838909	
2.4	0.834788	
2.45	0.818687	
2.5	0.791404	
2.55	0.754047	
2.6	0.707954	
2.65	0.654601	
2.7	0.595509	
2.75	0.532154	
2.8	0.465889	
2.85	0.397881	
2.9	0.329065	
2.95	0.260128	
3	0.191505	
3.05	0.123405	
3.1	0.0558518	
3.15	-0.0112609	
3.2	-0.0781019	
3.25	-0.144833	
3.3	-0.211543	
3.35	-0.278183	
3.4	-0.344524	
3.45	-0.410123	
3.5	-0.474312	
3.55	-0.536205	
3.6	-0.594728	
3.65	-0.648664	
3.7	-0.696714	
3.75	-0.737569	
3.8	-0.769989	
3.85	-0.792875	
3.9	-0.805345	
3.95	-0.806796	
4	-0.796949	
4.05	-0.775882	
4.1	-0.744037	
4.15	-0.702211	
4.2	-0.651526	
4.25	-0.593383	
4.3	-0.529397	
4.35	-0.461325	
4.4	-0.390986	
4.45	-0.32018	
4.5	-0.250612	
4.55	-0.183819	
4.6	-0.121113	
4.65	-0.0635386	
4.7	-0.0118426	
4.75	0.0335325	
4.8	0.072443	
4.85	0.10502	
4.9	0.131633	
4.95	0.152842	
5	0.169341	
5.05	0.181904	
5.1	0.19132	
5.15	0.198347	
5.2	0.203658	
5.25	0.207809	
5.3	0.21121	
5.35	0.214114	
5.4	0.216612	
5.45	0.218648	
5.5	0.220037	
5.55	0.220496	
5.6	0.219678	
5.65	0.21721	
5.7	0.212731	
5.75	0.20593	
5.8	0.196574	
5.85	0.184535	
5.9	0.169803	
5.95	0.152501	
6	0.132875	
6.05	0.11129	
6.1	0.08821	
6.15	0.0641749	
6.2	0.0397734	
6.25	0.0156116	
6.3	-0.00771704	
6.35	-0.0296616	
6.4	-0.0497388	
6.45	-0.0675548	
6.5	-0.0828197	
6.55	-0.0953562	
6.6	-0.105102	
6.65	-0.112104	
6.7	-0.116509	
6.75	-0.118546	
6.8	-0.118509	
6.85	-0.116734	
6.9	-0.113577	
6.95	-0.109391	
7	-0.104507	
7.05	-0.0992168	
7.1	-0.0937592	
7.15	-0.0883118	
7.2	-0.0829871	
7.25	-0.0778333	
7.3	-0.0728391	
7.35	-0.0679429	
7.4	-0.0630444	
7.45	-0.0580181	
7.5	-0.0527284	
7.55	-0.0470439	
7.6	-0.0408508	
7.65	-0.0340647	
7.7	-0.0266395	
7.75	-0.0185735	
7.8	-0.00991226	
7.85	-0.00074769	
7.9	0.00878547	
7.95	0.0185162	
8	0.028246	
8.05	0.037759	
8.1	0.0468335	
8.15	0.0552531	
8.2	0.0628176	
8.25	0.0693527	
8.3	0.0747179	
8.35	0.0788126	
8.4	0.0815794	
8.45	0.0830054	
8.5	0.0831208	
8.55	0.0819961	
8.6	0.079736	
8.65	0.0764734	
8.7	0.0723615	
8.75	0.0675659	
8.8	0.0622561	
8.85	0.0565981	
8.9	0.0507478	
8.95	0.0448449	
9	0.0390092	
9.05	0.0333377	
9.1	0.0279035	
9.15	0.0227561	
9.2	0.0179233	
9.25	0.0134138	
9.3	0.0092205	
9.35	0.00532532	
9.4	0.00170282	
9.45	-0.00167527	
9.5	-0.00483635	
9.55	-0.00780367	
9.6	-0.0105939	
9.65	-0.0132154	
9.7	-0.0156677	
9.75	-0.0179415	
9.8	-0.0200199	
9.85	-0.0218796	
9.9	-0.0234935	
9.95	-0.0248329	
10	-0.0258702	
