201  1
-2	0.333333	
-1.95	0.338954	
-1.9	0.344709	
-1.85	0.3506	
-1.8	0.356633	
-1.75	0.362812	
-1.7	0.36914	
-1.65	0.375622	
-1.6	0.382263	
-1.55	0.389067	
-1.5	0.39604	
-1.45	0.403185	
-1.4	0.410509	
-1.35	0.418017	
-1.3	0.425713	
-1.25	0.433604	
-1.2	0.441696	
-1.15	0.449994	
-1.1	0.458505	
-1.05	0.467235	
-1	0.47619	
-0.95	0.485378	
-0.9	0.494805	
-0.85	0.504477	
-0.8	0.514403	
-0.75	0.52459	
-0.7	0.535045	
-0.65	0.545777	
-0.6	0.556793	
-0.55	0.568101	
-0.5	0.57971	
-0.45	0.591628	
-0.4	0.603865	
-0.35	0.616428	
-0.3	0.629327	
-0.25	0.64257	
-0.2	0.656168	
-0.15	0.670129	
-0.1	0.684463	
-0.05	0.699178	
1.20737e-15	0.714286	
0.05	0.729794	
0.1	0.745712	
0.15	0.76205	
0.2	0.778816	
0.25	0.79602	
0.3	0.81367	
0.35	0.831774	
0.4	0.85034	
0.45	0.869376	
0.5	0.888889	
0.55	0.908884	
0.6	0.929368	
0.65	0.950344	
0.7	0.971817	
0.75	0.993789	
0.8	1.01626	
0.85	1.03923	
0.9	1.0627	
0.95	1.08666	
1	1.11111	
1.05	1.13604	
1.1	1.16144	
1.15	1.1873	
1.2	1.21359	
1.25	1.24031	
1.3	1.26743	
1.35	1.29492	
1.4	1.32275	
1.45	1.35089	
1.5	1.37931	
1.55	1.40795	
1.6	1.43678	
1.65	1.46574	
1.7	1.49477	
1.75	1.52381	
1.8	1.5528	
1.85	1.58165	
1.9	1.61031	
1.95	1.63867	
2	1.66667	
2.05	1.6942	
2.1	1.72117	
2.15	1.74749	
2.2	1.77305	
2.25	1.79775	
2.3	1.82149	
2.35	1.84417	
2.4	1.86567	
2.45	1.8859	
2.5	1.90476	
2.55	1.92215	
2.6	1.93798	
2.65	1.95217	
2.7	1.96464	
2.75	1.97531	
2.8	1.98413	
2.85	1.99104	
2.9	1.99601	
2.95	1.999	
3	2	
3.05	1.999	
3.1	1.99601	
3.15	1.99104	
3.2	1.98413	
3.25	1.97531	
3.3	1.96464	
3.35	1.95217	
3.4	1.93798	
3.45	1.92215	
3.5	1.90476	
3.55	1.8859	
3.6	1.86567	
3.65	1.84417	
3.7	1.82149	
3.75	1.79775	
3.8	1.77305	
3.85	1.74749	
3.9	1.72117	
3.95	1.6942	
4	1.66667	
4.05	1.63867	
4.1	1.61031	
4.15	1.58165	
4.2	1.5528	
4.25	1.52381	
4.3	1.49477	
4.35	1.46574	
4.4	1.43678	
4.45	1.40795	
4.5	1.37931	
4.55	1.35089	
4.6	1.32275	
4.65	1.29492	
4.7	1.26743	
4.75	1.24031	
4.8	1.21359	
4.85	1.1873	
4.9	1.16144	
4.95	1.13604	
5	1.11111	
5.05	1.08666	
5.1	1.0627	
5.15	1.03923	
5.2	1.01626	
5.25	0.993789	
5.3	0.971817	
5.35	0.950344	
5.4	0.929368	
5.45	0.908884	
5.5	0.888889	
5.55	0.869376	
5.6	0.85034	
5.65	0.831774	
5.7	0.81367	
5.75	0.79602	
5.8	0.778816	
5.85	0.76205	
5.9	0.745712	
5.95	0.729794	
6	0.714286	
6.05	0.699178	
6.1	0.684463	
6.15	0.670129	
6.2	0.656168	
6.25	0.64257	
6.3	0.629327	
6.35	0.616428	
6.4	0.603865	
6.45	0.591628	
6.5	0.57971	
6.55	0.568101	
6.6	0.556793	
6.65	0.545777	
6.7	0.535045	
6.75	0.52459	
6.8	0.514403	
6.85	0.504477	
6.9	0.494805	
6.95	0.485378	
7	0.47619	
7.05	0.467235	
7.1	0.458505	
7.15	0.449994	
7.2	0.441696	
7.25	0.433604	
7.3	0.425713	
7.35	0.418017	
7.4	0.410509	
7.45	0.403185	
7.5	0.39604	
7.55	0.389067	
7.6	0.382263	
7.65	0.375622	
7.7	0.36914	
7.75	0.362812	
7.8	0.356633	
7.85	0.3506	
7.9	0.344709	
7.95	0.338954	
8	0.333333	
